
%{
%Test geometry  odd Q4
nodes=[ 1 0 0 0;
        2 10 0 0;
        3 15 15 0;
        4 10 20 0;
        5 7  10 0;
        6 0 10 0;];
elements=[1 1 2 5 6;
          2 2 3 4 5;];
fixed=[ 1 1 0;
        1 2 0;
        6 1 0;
        6 2 0;];
forces=[3 2 -1000;
        4 2 -1000;];
mat1 = [30e6 .3 7000e-12];
mat2 = [30e6 .3 2700e-12];
mats = [ mat1; mat2];
eltype='CPE4';
%}

%Test geometry CTS
nodes=[ 1 0 0;
        2 10 0;
        3 20 0;
        4 30 0;
        5 30 10;
        6 20 10;
        7 10 10;
        8 0 10;
        9 0 20;
        10 10 20;
        11 20 20;
        12 30 20;
        13 30 30;
        14 20 30;
        15 10 30;
        16 0 30;];
elements=[  1 1 2 8;
            2 2 7 8;
            3 2 3 7;
            4 3 6 7;
            5 3 4 6;
            6 4 5 6;
            7 6 5 11;
            8 5 11 12;
            9 6 11 10;
            10 7 6 10;
            11 8 7 9;
            12 7 10 9;
            13 9 10 16;
            14 10 15 16;
            15 10 11 15;
            16 11 14 15;
            17 11 12 14;
            18 12 13 14;];
fixed=[1 1 0;
        1 2 0;
        2 1 0;
        2 2 0;
        3 1 0;
        3 2 0;
        4 1 0;
        4 2 0;
        13 2 1;
        14 2 1;
        15 2 1;
        16 2 1;];
forces=[];
mat1 = [200 .25 7000e-12];
mat2 = [200 .25 2700e-12];
mats = [ mat1; mat2];
eltype='CPS3';


%{
%Test geometry Q4
nodes=[ 1 0 0;
        2 10 0;
        3 20 0;
        4 30 0;
        5 30 10;
        6 20 10;
        7 10 10;
        8 0 10;
        9 0 20;
        10 10 20;
        11 20 20;
        12 30 20;
        13 30 30;
        14 20 30;
        15 10 30;
        16 0 30;];
elements=[  1 1 2 7 8;
            2 2 3 6 7;
            3 3 4 5 6;
            4 6 5 12 11;
            5 7 6 11 10;
            6 8 7 10 9;
            7 9 10 15 16;
            8 10 11 14 15;
            9 11 12 13 14;];
fixed=[1 1 0;
        1 2 0;
        2 1 0;
        2 2 0;
        3 1 0;
        3 2 0;
        4 1 0;
        4 2 0;
        13 2 1;
        14 2 1;
        15 2 1;
        16 2 1;];
forces=[];
mat1 = [200 .25 7000e-12];
mat2 = [200 .25 2700e-12];
mats = [ mat1; mat2];
eltype='CPS4';
%}

%{
%CST
nodes=[ 1 0 0;
        2 10 0;
        3 20 0;
        4 30 0;
        7 5 10;
        6 15 10;
        8 30 10;];
elements=[1 1 2 7;
            2 2 6 7;
            3 2 3 6;
            4 3 8 6;
            7 3 4 8;];
fixed=[ 1 1 0;
        1 2 0;
        2 2 0;
        3 2 0;
        4 2 0;
        4 1 1.5;];
forces=[];
mat1 = [200 .25 7000e-12];
mat2 = [200 .25 2700e-12];
mats = [ mat1; mat2];
eltype='CPS3';
%}

%{
%Q4 from hw5
nodes=[ 1 5 5;
        2 45 0;
        3 65 45;
        4 0 55;];
elements=[1 1 2 3 4;];
fixed=[ 1 1 0;
        1 2 0;
        4 1 0;
        4 2 0;];
forces=[3 1 100;];
mat1 = [200 .25 7000e-12];
mat2 = [200 .25 2700e-12];
mats = [ mat1; mat2];
eltype='CPS4';
%}

%{
%CTS
nodes=[ 1 0 0;
        2 0 10;
        3 10 0;
        4 5 10;];
elements=[1 1 2 4;
            1 1 3 4;];
fixed=[ 1 1 0;
        1 2 0;
        2 1 0;
        2 2 0;];
forces=[3 1 1000;
        4 2 1000];
mat1 = [30e6 .3 7000e-12];
mat2 = [200 .25 2700e-12];
mats = [ mat1; mat2];
eltype='CPS3';
%}

